The overall best estimate is: (0.49739050555407316, 23.006209494445926, 0.7476391367081753)
Rcd_o: 0.2651, Tcd_o: 0.2957, Tc_o: 0.0004, A_o: 0.4388
Rcd  : 0.2663, Tcd  : 0.2968, Tc  : 0.0004, A  : 0.4086
mua: 0.4974, mus: 23.0062, g: 0.7476
Error relativo: 0.0088
a: 0.9788, tau: 7.6622, g: 0.7476
