The overall best estimate is: (0.5024134980706241, 23.001186501929375, 0.7472054050472808)
Rcd_o: 0.2651, Tcd_o: 0.2957, Tc_o: 0.0004, A_o: 0.4388
Rcd  : 0.2648, Tcd  : 0.2958, Tc  : 0.0004, A  : 0.4112
mua: 0.5024, mus: 23.0012, g: 0.7472
Error relativo: 0.0005
a: 0.9786, tau: 7.6622, g: 0.7472
