The overall best estimate is: (0.4909140297605284, 23.01268597023947, 0.7477501243455106)
Rcd_o: 0.2651, Tcd_o: 0.2957, Tc_o: 0.0004, A_o: 0.4388
Rcd  : 0.2676, Tcd  : 0.2988, Tc  : 0.0004, A  : 0.4053
mua: 0.4909, mus: 23.0127, g: 0.7478
Error relativo: 0.0188
a: 0.9791, tau: 7.6622, g: 0.7478
