The overall best estimate is: (0.49754529711725415, 23.006054702882743, 0.7479107704451806)
Rcd_o: 0.2651, Tcd_o: 0.2957, Tc_o: 0.0004, A_o: 0.4388
Rcd  : 0.2662, Tcd  : 0.2973, Tc  : 0.0004, A  : 0.4082
mua: 0.4975, mus: 23.0061, g: 0.7479
Error relativo: 0.0079
a: 0.9788, tau: 7.6622, g: 0.7479
