The overall best estimate is: (0.505071870122997, 22.998528129877002, 0.747949282900488)
Rcd_o: 0.2651, Tcd_o: 0.2957, Tc_o: 0.0004, A_o: 0.4388
Rcd  : 0.2640, Tcd  : 0.2952, Tc  : 0.0004, A  : 0.4126
mua: 0.5051, mus: 22.9985, g: 0.7479
Error relativo: 0.0072
a: 0.9785, tau: 7.6622, g: 0.7479
