The overall best estimate is: (0.5031129250158115, 23.000487074984186, 0.7477766322717718)
Rcd_o: 0.2651, Tcd_o: 0.2957, Tc_o: 0.0004, A_o: 0.4388
Rcd  : 0.2643, Tcd  : 0.2957, Tc  : 0.0004, A  : 0.4118
mua: 0.5031, mus: 23.0005, g: 0.7478
Error relativo: 0.0017
a: 0.9786, tau: 7.6622, g: 0.7478
