The overall best estimate is: (0.5112659596756913, 22.99233404032431, 0.7475528108503893)
Rcd_o: 0.2651, Tcd_o: 0.2957, Tc_o: 0.0004, A_o: 0.4388
Rcd  : 0.2630, Tcd  : 0.2933, Tc  : 0.0004, A  : 0.4155
mua: 0.5113, mus: 22.9923, g: 0.7476
Error relativo: 0.0169
a: 0.9782, tau: 7.6622, g: 0.7476
