The overall best estimate is: (0.49633479754787047, 23.00726520245213, 0.74745411745037)
Rcd_o: 0.2651, Tcd_o: 0.2957, Tc_o: 0.0004, A_o: 0.4388
Rcd  : 0.2662, Tcd  : 0.2977, Tc  : 0.0004, A  : 0.4079
mua: 0.4963, mus: 23.0073, g: 0.7475
Error relativo: 0.0109
a: 0.9789, tau: 7.6622, g: 0.7475
