The overall best estimate is: (0.5152258129064502, 22.988374187093548, 0.7474372095954638)
Rcd_o: 0.2651, Tcd_o: 0.2957, Tc_o: 0.0004, A_o: 0.4388
Rcd  : 0.2620, Tcd  : 0.2922, Tc  : 0.0004, A  : 0.4177
mua: 0.5152, mus: 22.9884, g: 0.7474
Error relativo: 0.0240
a: 0.9781, tau: 7.6622, g: 0.7474
