The overall best estimate is: (0.506429769901182, 22.997170230098817, 0.7476852858099773)
Rcd_o: 0.2651, Tcd_o: 0.2957, Tc_o: 0.0004, A_o: 0.4388
Rcd  : 0.2646, Tcd  : 0.2940, Tc  : 0.0004, A  : 0.4132
mua: 0.5064, mus: 22.9972, g: 0.7477
Error relativo: 0.0073
a: 0.9785, tau: 7.6622, g: 0.7477
