The overall best estimate is: (0.502945323389565, 23.000654676610434, 0.7478940491206862)
Rcd_o: 0.2651, Tcd_o: 0.2957, Tc_o: 0.0004, A_o: 0.4388
Rcd  : 0.2649, Tcd  : 0.2954, Tc  : 0.0004, A  : 0.4114
mua: 0.5029, mus: 23.0007, g: 0.7479
Error relativo: 0.0022
a: 0.9786, tau: 7.6622, g: 0.7479
