The overall best estimate is: (0.5032756720994952, 23.000324327900504, 0.7475644763867492)
Rcd_o: 0.2651, Tcd_o: 0.2957, Tc_o: 0.0004, A_o: 0.4388
Rcd  : 0.2649, Tcd  : 0.2952, Tc  : 0.0004, A  : 0.4118
mua: 0.5033, mus: 23.0003, g: 0.7476
Error relativo: 0.0023
a: 0.9786, tau: 7.6622, g: 0.7476
