The overall best estimate is: (0.5128264583892489, 22.99077354161075, 0.7478928755443014)
Rcd_o: 0.2651, Tcd_o: 0.2957, Tc_o: 0.0004, A_o: 0.4388
Rcd  : 0.2624, Tcd  : 0.2930, Tc  : 0.0004, A  : 0.4164
mua: 0.5128, mus: 22.9908, g: 0.7479
Error relativo: 0.0192
a: 0.9782, tau: 7.6622, g: 0.7479
