The overall best estimate is: (0.49864072481320654, 23.004959275186792, 0.7480621347778692)
Rcd_o: 0.2651, Tcd_o: 0.2957, Tc_o: 0.0004, A_o: 0.4388
Rcd  : 0.2657, Tcd  : 0.2974, Tc  : 0.0004, A  : 0.4087
mua: 0.4986, mus: 23.0050, g: 0.7481
Error relativo: 0.0058
a: 0.9788, tau: 7.6622, g: 0.7481
