The overall best estimate is: (0.4978063134944046, 23.005793686505594, 0.7477552348582588)
Rcd_o: 0.2651, Tcd_o: 0.2957, Tc_o: 0.0004, A_o: 0.4388
Rcd  : 0.2658, Tcd  : 0.2970, Tc  : 0.0004, A  : 0.4091
mua: 0.4978, mus: 23.0058, g: 0.7478
Error relativo: 0.0085
a: 0.9788, tau: 7.6622, g: 0.7478
