The overall best estimate is: (0.5059017017838052, 22.997698298216193, 0.7475147603228028)
Rcd_o: 0.2651, Tcd_o: 0.2957, Tc_o: 0.0004, A_o: 0.4388
Rcd  : 0.2642, Tcd  : 0.2946, Tc  : 0.0004, A  : 0.4130
mua: 0.5059, mus: 22.9977, g: 0.7475
Error relativo: 0.0083
a: 0.9785, tau: 7.6622, g: 0.7475
