The overall best estimate is: (0.39247811240210134, 18.8321218875979, 0.8298821410125325)
Rcd_o: 0.2150, Tcd_o: 0.4330, Tc_o: 0.0021, A_o: 0.3499
Rcd  : 0.2135, Tcd  : 0.4310, Tc  : 0.0020, A  : 0.3257
mua: 0.3925, mus: 18.8321, g: 0.8299
Error relativo: 0.0123
a: 0.9796, tau: 6.1519, g: 0.8299
