The overall best estimate is: (0.38890202508667326, 18.835697974913327, 0.8299133968619005)
Rcd_o: 0.2150, Tcd_o: 0.4330, Tc_o: 0.0021, A_o: 0.3499
Rcd  : 0.2142, Tcd  : 0.4322, Tc  : 0.0020, A  : 0.3237
mua: 0.3889, mus: 18.8357, g: 0.8299
Error relativo: 0.0072
a: 0.9798, tau: 6.1519, g: 0.8299
