The overall best estimate is: (0.3873803124897398, 18.83721968751026, 0.8296253732633989)
Rcd_o: 0.2150, Tcd_o: 0.4330, Tc_o: 0.0021, A_o: 0.3499
Rcd  : 0.2148, Tcd  : 0.4327, Tc  : 0.0020, A  : 0.3227
mua: 0.3874, mus: 18.8372, g: 0.8296
Error relativo: 0.0015
a: 0.9798, tau: 6.1519, g: 0.8296
