The overall best estimate is: (0.39164098175361206, 18.832959018246388, 0.829483809609632)
Rcd_o: 0.2150, Tcd_o: 0.4330, Tc_o: 0.0021, A_o: 0.3499
Rcd  : 0.2138, Tcd  : 0.4310, Tc  : 0.0020, A  : 0.3254
mua: 0.3916, mus: 18.8330, g: 0.8295
Error relativo: 0.0097
a: 0.9796, tau: 6.1519, g: 0.8295
