The overall best estimate is: (0.3860955347403319, 18.838504465259668, 0.8297851698940628)
Rcd_o: 0.2150, Tcd_o: 0.4330, Tc_o: 0.0021, A_o: 0.3499
Rcd  : 0.2152, Tcd  : 0.4329, Tc  : 0.0020, A  : 0.3221
mua: 0.3861, mus: 18.8385, g: 0.8298
Error relativo: 0.0012
a: 0.9799, tau: 6.1519, g: 0.8298
