The overall best estimate is: (0.3933279844019585, 18.831272015598042, 0.8300717617236723)
Rcd_o: 0.2150, Tcd_o: 0.4330, Tc_o: 0.0021, A_o: 0.3499
Rcd  : 0.2127, Tcd  : 0.4309, Tc  : 0.0020, A  : 0.3266
mua: 0.3933, mus: 18.8313, g: 0.8301
Error relativo: 0.0144
a: 0.9795, tau: 6.1519, g: 0.8301
