The overall best estimate is: (0.3854505345524109, 18.839149465447587, 0.8293580386169772)
Rcd_o: 0.2150, Tcd_o: 0.4330, Tc_o: 0.0021, A_o: 0.3499
Rcd  : 0.2155, Tcd  : 0.4330, Tc  : 0.0020, A  : 0.3217
mua: 0.3855, mus: 18.8391, g: 0.8294
Error relativo: 0.0032
a: 0.9800, tau: 6.1519, g: 0.8294
