The overall best estimate is: (0.39230911265819673, 18.832290887341802, 0.8297480069373968)
Rcd_o: 0.2150, Tcd_o: 0.4330, Tc_o: 0.0021, A_o: 0.3499
Rcd  : 0.2138, Tcd  : 0.4309, Tc  : 0.0020, A  : 0.3255
mua: 0.3923, mus: 18.8323, g: 0.8297
Error relativo: 0.0108
a: 0.9796, tau: 6.1519, g: 0.8297
