The overall best estimate is: (0.3890182811166734, 18.835581718883326, 0.8300576203039562)
Rcd_o: 0.2150, Tcd_o: 0.4330, Tc_o: 0.0021, A_o: 0.3499
Rcd  : 0.2141, Tcd  : 0.4322, Tc  : 0.0020, A  : 0.3239
mua: 0.3890, mus: 18.8356, g: 0.8301
Error relativo: 0.0047
a: 0.9798, tau: 6.1519, g: 0.8301
