The overall best estimate is: (0.38553576848966103, 18.83906423151034, 0.8296112128371087)
Rcd_o: 0.2150, Tcd_o: 0.4330, Tc_o: 0.0021, A_o: 0.3499
Rcd  : 0.2155, Tcd  : 0.4333, Tc  : 0.0020, A  : 0.3214
mua: 0.3855, mus: 18.8391, g: 0.8296
Error relativo: 0.0015
a: 0.9799, tau: 6.1519, g: 0.8296
