The overall best estimate is: (0.38644507511076037, 18.83815492488924, 0.8295530868892065)
Rcd_o: 0.2150, Tcd_o: 0.4330, Tc_o: 0.0021, A_o: 0.3499
Rcd  : 0.2151, Tcd  : 0.4334, Tc  : 0.0020, A  : 0.3217
mua: 0.3864, mus: 18.8382, g: 0.8296
Error relativo: 0.0008
a: 0.9799, tau: 6.1519, g: 0.8296
