The overall best estimate is: (0.3902564741442791, 18.83434352585572, 0.830034496998566)
Rcd_o: 0.2150, Tcd_o: 0.4330, Tc_o: 0.0021, A_o: 0.3499
Rcd  : 0.2135, Tcd  : 0.4325, Tc  : 0.0020, A  : 0.3242
mua: 0.3903, mus: 18.8343, g: 0.8300
Error relativo: 0.0078
a: 0.9797, tau: 6.1519, g: 0.8300
