The overall best estimate is: (0.39073241721511526, 18.833867582784887, 0.8299551880652165)
Rcd_o: 0.2150, Tcd_o: 0.4330, Tc_o: 0.0021, A_o: 0.3499
Rcd  : 0.2138, Tcd  : 0.4319, Tc  : 0.0020, A  : 0.3245
mua: 0.3907, mus: 18.8339, g: 0.8300
Error relativo: 0.0090
a: 0.9797, tau: 6.1519, g: 0.8300
