The overall best estimate is: (0.3880418782581458, 18.836558121741852, 0.8299702209338563)
Rcd_o: 0.2150, Tcd_o: 0.4330, Tc_o: 0.0021, A_o: 0.3499
Rcd  : 0.2142, Tcd  : 0.4330, Tc  : 0.0020, A  : 0.3230
mua: 0.3880, mus: 18.8366, g: 0.8300
Error relativo: 0.0031
a: 0.9798, tau: 6.1519, g: 0.8300
