The overall best estimate is: (0.3862055077843327, 18.838394492215667, 0.8298858312277604)
Rcd_o: 0.2150, Tcd_o: 0.4330, Tc_o: 0.0021, A_o: 0.3499
Rcd  : 0.2153, Tcd  : 0.4329, Tc  : 0.0020, A  : 0.3220
mua: 0.3862, mus: 18.8384, g: 0.8299
Error relativo: 0.0046
a: 0.9799, tau: 6.1519, g: 0.8299
