The overall best estimate is: (0.3898191100236273, 18.834780889976372, 0.8295637798511398)
Rcd_o: 0.2150, Tcd_o: 0.4330, Tc_o: 0.0021, A_o: 0.3499
Rcd  : 0.2147, Tcd  : 0.4310, Tc  : 0.0020, A  : 0.3245
mua: 0.3898, mus: 18.8348, g: 0.8296
Error relativo: 0.0062
a: 0.9797, tau: 6.1519, g: 0.8296
