The overall best estimate is: (0.2155865666572397, 17.58441343334276, 0.014422824444038956)
Rcd_o: 0.5610, Tcd_o: 0.1595, Tc_o: 0.0017, A_o: 0.2778
Rcd  : 0.5539, Tcd  : 0.1615, Tc  : 0.0008, A  : 0.2560
mua: 0.2156, mus: 17.5844, g: 0.0144
Error relativo: 0.0286
a: 0.9879, tau: 7.0666, g: 0.0144
