The overall best estimate is: (0.20515337048074472, 17.594846629519257, 0.011006792966736406)
Rcd_o: 0.5610, Tcd_o: 0.1595, Tc_o: 0.0017, A_o: 0.2778
Rcd  : 0.5597, Tcd  : 0.1648, Tc  : 0.0008, A  : 0.2469
mua: 0.2052, mus: 17.5948, g: 0.0110
Error relativo: 0.0368
a: 0.9885, tau: 7.0666, g: 0.0110
