The overall best estimate is: (0.24371706832318749, 17.55628293167681, 0.03678099538669209)
Rcd_o: 0.5610, Tcd_o: 0.1595, Tc_o: 0.0017, A_o: 0.2778
Rcd  : 0.5359, Tcd  : 0.1556, Tc  : 0.0008, A  : 0.2799
mua: 0.2437, mus: 17.5563, g: 0.0368
Error relativo: 0.0706
a: 0.9863, tau: 7.0666, g: 0.0368
