The overall best estimate is: (0.21696518346760243, 17.583034816532397, 0.019411652537504077)
Rcd_o: 0.5610, Tcd_o: 0.1595, Tc_o: 0.0017, A_o: 0.2778
Rcd  : 0.5532, Tcd  : 0.1617, Tc  : 0.0008, A  : 0.2565
mua: 0.2170, mus: 17.5830, g: 0.0194
Error relativo: 0.0317
a: 0.9878, tau: 7.0666, g: 0.0194
