The overall best estimate is: (0.2190233231499389, 17.58097667685006, 0.013641321603373611)
Rcd_o: 0.5610, Tcd_o: 0.1595, Tc_o: 0.0017, A_o: 0.2778
Rcd  : 0.5529, Tcd  : 0.1598, Tc  : 0.0008, A  : 0.2587
mua: 0.2190, mus: 17.5810, g: 0.0136
Error relativo: 0.0215
a: 0.9877, tau: 7.0666, g: 0.0136
