The overall best estimate is: (0.22606470901603354, 17.573935290983968, 0.01999719326410471)
Rcd_o: 0.5610, Tcd_o: 0.1595, Tc_o: 0.0017, A_o: 0.2778
Rcd  : 0.5475, Tcd  : 0.1588, Tc  : 0.0008, A  : 0.2652
mua: 0.2261, mus: 17.5739, g: 0.0200
Error relativo: 0.0284
a: 0.9873, tau: 7.0666, g: 0.0200
