The overall best estimate is: (0.21416349468512816, 17.585836505314873, 0.014728949570218074)
Rcd_o: 0.5610, Tcd_o: 0.1595, Tc_o: 0.0017, A_o: 0.2778
Rcd  : 0.5543, Tcd  : 0.1624, Tc  : 0.0008, A  : 0.2548
mua: 0.2142, mus: 17.5858, g: 0.0147
Error relativo: 0.0266
a: 0.9880, tau: 7.0666, g: 0.0147
