The overall best estimate is: (0.21110426003668056, 17.58889573996332, 0.011823838080601157)
Rcd_o: 0.5610, Tcd_o: 0.1595, Tc_o: 0.0017, A_o: 0.2778
Rcd  : 0.5575, Tcd  : 0.1620, Tc  : 0.0008, A  : 0.2519
mua: 0.2111, mus: 17.5889, g: 0.0118
Error relativo: 0.0293
a: 0.9881, tau: 7.0666, g: 0.0118
