The overall best estimate is: (0.20518065060258808, 17.59481934939741, 0.008264195370912424)
Rcd_o: 0.5610, Tcd_o: 0.1595, Tc_o: 0.0017, A_o: 0.2778
Rcd  : 0.5603, Tcd  : 0.1641, Tc  : 0.0008, A  : 0.2470
mua: 0.2052, mus: 17.5948, g: 0.0083
Error relativo: 0.0307
a: 0.9885, tau: 7.0666, g: 0.0083
