The overall best estimate is: (0.21185755216054875, 17.588142447839452, 0.013205317493556001)
Rcd_o: 0.5610, Tcd_o: 0.1595, Tc_o: 0.0017, A_o: 0.2778
Rcd  : 0.5565, Tcd  : 0.1623, Tc  : 0.0008, A  : 0.2526
mua: 0.2119, mus: 17.5881, g: 0.0132
Error relativo: 0.0304
a: 0.9881, tau: 7.0666, g: 0.0132
