The overall best estimate is: (0.23737108960846565, 17.562628910391535, 0.02870396326665906)
Rcd_o: 0.5610, Tcd_o: 0.1595, Tc_o: 0.0017, A_o: 0.2778
Rcd  : 0.5411, Tcd  : 0.1563, Tc  : 0.0008, A  : 0.2741
mua: 0.2374, mus: 17.5626, g: 0.0287
Error relativo: 0.0548
a: 0.9867, tau: 7.0666, g: 0.0287
