The overall best estimate is: (0.23496879941112203, 17.56503120058888, 0.023162552697783684)
Rcd_o: 0.5610, Tcd_o: 0.1595, Tc_o: 0.0017, A_o: 0.2778
Rcd  : 0.5426, Tcd  : 0.1565, Tc  : 0.0008, A  : 0.2723
mua: 0.2350, mus: 17.5650, g: 0.0232
Error relativo: 0.0561
a: 0.9868, tau: 7.0666, g: 0.0232
