The overall best estimate is: (0.20986250893628702, 17.59013749106371, 0.012329834459780059)
Rcd_o: 0.5610, Tcd_o: 0.1595, Tc_o: 0.0017, A_o: 0.2778
Rcd  : 0.5571, Tcd  : 0.1633, Tc  : 0.0008, A  : 0.2510
mua: 0.2099, mus: 17.5901, g: 0.0123
Error relativo: 0.0256
a: 0.9882, tau: 7.0666, g: 0.0123
