The overall best estimate is: (0.21588364634003085, 17.58411635365997, 0.011630047422562052)
Rcd_o: 0.5610, Tcd_o: 0.1595, Tc_o: 0.0017, A_o: 0.2778
Rcd  : 0.5548, Tcd  : 0.1609, Tc  : 0.0008, A  : 0.2557
mua: 0.2159, mus: 17.5841, g: 0.0116
Error relativo: 0.0239
a: 0.9879, tau: 7.0666, g: 0.0116
