The overall best estimate is: (0.21424676985679897, 17.5857532301432, 0.012493494654284926)
Rcd_o: 0.5610, Tcd_o: 0.1595, Tc_o: 0.0017, A_o: 0.2778
Rcd  : 0.5546, Tcd  : 0.1625, Tc  : 0.0008, A  : 0.2543
mua: 0.2142, mus: 17.5858, g: 0.0125
Error relativo: 0.0281
a: 0.9880, tau: 7.0666, g: 0.0125
