The overall best estimate is: (0.22092377255584147, 17.57907622744416, 0.014725846983202222)
Rcd_o: 0.5610, Tcd_o: 0.1595, Tc_o: 0.0017, A_o: 0.2778
Rcd  : 0.5508, Tcd  : 0.1601, Tc  : 0.0008, A  : 0.2605
mua: 0.2209, mus: 17.5791, g: 0.0147
Error relativo: 0.0184
a: 0.9876, tau: 7.0666, g: 0.0147
