The overall best estimate is: (0.20384014394417788, 19.942358686465177, 0.6363924098187724)
Rcd_o: 0.4000, Tcd_o: 0.3500, Tc_o: 0.0004, A_o: 0.2496
Rcd  : 0.3980, Tcd  : 0.3468, Tc  : 0.0010, A  : 0.2264
mua: 0.2038, mus: 19.9424, g: 0.6364
Error relativo: 0.0129
a: 0.9899, tau: 6.8900, g: 0.6364
