The overall best estimate is: (0.20729288890666533, 19.93890594150269, 0.6375463223460026)
Rcd_o: 0.4000, Tcd_o: 0.3500, Tc_o: 0.0004, A_o: 0.2496
Rcd  : 0.3952, Tcd  : 0.3466, Tc  : 0.0010, A  : 0.2295
mua: 0.2073, mus: 19.9389, g: 0.6375
Error relativo: 0.0214
a: 0.9897, tau: 6.8900, g: 0.6375
