The overall best estimate is: (0.20433701568710017, 19.941861814722255, 0.6372160093852112)
Rcd_o: 0.4000, Tcd_o: 0.3500, Tc_o: 0.0004, A_o: 0.2496
Rcd  : 0.3969, Tcd  : 0.3473, Tc  : 0.0010, A  : 0.2270
mua: 0.2043, mus: 19.9419, g: 0.6372
Error relativo: 0.0140
a: 0.9899, tau: 6.8900, g: 0.6372
