The overall best estimate is: (0.20059254407559243, 19.94560628633376, 0.6379005620814386)
Rcd_o: 0.4000, Tcd_o: 0.3500, Tc_o: 0.0004, A_o: 0.2496
Rcd  : 0.3981, Tcd  : 0.3499, Tc  : 0.0010, A  : 0.2233
mua: 0.2006, mus: 19.9456, g: 0.6379
Error relativo: 0.0056
a: 0.9900, tau: 6.8900, g: 0.6379
