The overall best estimate is: (0.20915015747087787, 19.937048672938477, 0.6373295354461177)
Rcd_o: 0.4000, Tcd_o: 0.3500, Tc_o: 0.0004, A_o: 0.2496
Rcd  : 0.3948, Tcd  : 0.3456, Tc  : 0.0010, A  : 0.2308
mua: 0.2092, mus: 19.9370, g: 0.6373
Error relativo: 0.0261
a: 0.9896, tau: 6.8900, g: 0.6373
