The overall best estimate is: (0.19389536105989563, 19.95230346934946, 0.6378033650298045)
Rcd_o: 0.4000, Tcd_o: 0.3500, Tc_o: 0.0004, A_o: 0.2496
Rcd  : 0.4013, Tcd  : 0.3526, Tc  : 0.0010, A  : 0.2174
mua: 0.1939, mus: 19.9523, g: 0.6378
Error relativo: 0.0104
a: 0.9904, tau: 6.8900, g: 0.6378
