The overall best estimate is: (0.20801193949156396, 19.93818689091779, 0.6364638253929603)
Rcd_o: 0.4000, Tcd_o: 0.3500, Tc_o: 0.0004, A_o: 0.2496
Rcd  : 0.3961, Tcd  : 0.3453, Tc  : 0.0010, A  : 0.2299
mua: 0.2080, mus: 19.9382, g: 0.6365
Error relativo: 0.0236
a: 0.9897, tau: 6.8900, g: 0.6365
