The overall best estimate is: (0.21456408627534737, 19.931634744134005, 0.6357935501650697)
Rcd_o: 0.4000, Tcd_o: 0.3500, Tc_o: 0.0004, A_o: 0.2496
Rcd  : 0.3930, Tcd  : 0.3426, Tc  : 0.0010, A  : 0.2357
mua: 0.2146, mus: 19.9316, g: 0.6358
Error relativo: 0.0401
a: 0.9893, tau: 6.8900, g: 0.6358
