The overall best estimate is: (0.21472963512550716, 19.93146919528385, 0.6366370691543974)
Rcd_o: 0.4000, Tcd_o: 0.3500, Tc_o: 0.0004, A_o: 0.2496
Rcd  : 0.3935, Tcd  : 0.3422, Tc  : 0.0010, A  : 0.2355
mua: 0.2147, mus: 19.9315, g: 0.6366
Error relativo: 0.0391
a: 0.9893, tau: 6.8900, g: 0.6366
