The overall best estimate is: (0.21011583107104367, 19.93608299933831, 0.6373960001664408)
Rcd_o: 0.4000, Tcd_o: 0.3500, Tc_o: 0.0004, A_o: 0.2496
Rcd  : 0.3945, Tcd  : 0.3449, Tc  : 0.0010, A  : 0.2318
mua: 0.2101, mus: 19.9361, g: 0.6374
Error relativo: 0.0281
a: 0.9896, tau: 6.8900, g: 0.6374
