The overall best estimate is: (0.2097009704736689, 19.936497859935685, 0.6377574281033818)
Rcd_o: 0.4000, Tcd_o: 0.3500, Tc_o: 0.0004, A_o: 0.2496
Rcd  : 0.3943, Tcd  : 0.3455, Tc  : 0.0010, A  : 0.2314
mua: 0.2097, mus: 19.9365, g: 0.6378
Error relativo: 0.0276
a: 0.9896, tau: 6.8900, g: 0.6378
