The overall best estimate is: (0.20334023651207667, 19.942858593897277, 0.6370050829308994)
Rcd_o: 0.4000, Tcd_o: 0.3500, Tc_o: 0.0004, A_o: 0.2496
Rcd  : 0.3982, Tcd  : 0.3473, Tc  : 0.0010, A  : 0.2258
mua: 0.2033, mus: 19.9429, g: 0.6370
Error relativo: 0.0120
a: 0.9899, tau: 6.8900, g: 0.6370
