The overall best estimate is: (0.20349560152666737, 19.94270322888269, 0.63709611139992)
Rcd_o: 0.4000, Tcd_o: 0.3500, Tc_o: 0.0004, A_o: 0.2496
Rcd  : 0.3986, Tcd  : 0.3471, Tc  : 0.0010, A  : 0.2255
mua: 0.2035, mus: 19.9427, g: 0.6371
Error relativo: 0.0136
a: 0.9899, tau: 6.8900, g: 0.6371
