The overall best estimate is: (0.2054697771170821, 19.940729053292273, 0.6371705639421741)
Rcd_o: 0.4000, Tcd_o: 0.3500, Tc_o: 0.0004, A_o: 0.2496
Rcd  : 0.3967, Tcd  : 0.3468, Tc  : 0.0010, A  : 0.2278
mua: 0.2055, mus: 19.9407, g: 0.6372
Error relativo: 0.0180
a: 0.9898, tau: 6.8900, g: 0.6372
