The overall best estimate is: (0.19607787854364725, 19.950120951865706, 0.6372728844923639)
Rcd_o: 0.4000, Tcd_o: 0.3500, Tc_o: 0.0004, A_o: 0.2496
Rcd  : 0.4009, Tcd  : 0.3509, Tc  : 0.0010, A  : 0.2195
mua: 0.1961, mus: 19.9501, g: 0.6373
Error relativo: 0.0050
a: 0.9903, tau: 6.8900, g: 0.6373
