The overall best estimate is: (0.19797194270787277, 19.94822688770148, 0.6360730802783346)
Rcd_o: 0.4000, Tcd_o: 0.3500, Tc_o: 0.0004, A_o: 0.2496
Rcd  : 0.4006, Tcd  : 0.3495, Tc  : 0.0010, A  : 0.2212
mua: 0.1980, mus: 19.9482, g: 0.6361
Error relativo: 0.0046
a: 0.9902, tau: 6.8900, g: 0.6361
