The overall best estimate is: (0.282898493198741, 18.800434840134592, 0.6667836100725929)
Rcd_o: 0.3490, Tcd_o: 0.3300, Tc_o: 0.0004, A_o: 0.3206
Rcd  : 0.3449, Tcd  : 0.3260, Tc  : 0.0010, A  : 0.3003
mua: 0.2829, mus: 18.8004, g: 0.6668
Error relativo: 0.0257
a: 0.9852, tau: 6.8700, g: 0.6668
