The overall best estimate is: (0.2772154419518898, 18.806117891381444, 0.6670110462192215)
Rcd_o: 0.3490, Tcd_o: 0.3300, Tc_o: 0.0004, A_o: 0.3206
Rcd  : 0.3475, Tcd  : 0.3274, Tc  : 0.0010, A  : 0.2964
mua: 0.2772, mus: 18.8061, g: 0.6670
Error relativo: 0.0112
a: 0.9855, tau: 6.8700, g: 0.6670
