The overall best estimate is: (0.27967416577787424, 18.80365916755546, 0.6653865191161447)
Rcd_o: 0.3490, Tcd_o: 0.3300, Tc_o: 0.0004, A_o: 0.3206
Rcd  : 0.3470, Tcd  : 0.3259, Tc  : 0.0010, A  : 0.2983
mua: 0.2797, mus: 18.8037, g: 0.6654
Error relativo: 0.0184
a: 0.9853, tau: 6.8700, g: 0.6654
