The overall best estimate is: (0.2792100001022006, 18.804123333231132, 0.6672541364286328)
Rcd_o: 0.3490, Tcd_o: 0.3300, Tc_o: 0.0004, A_o: 0.3206
Rcd  : 0.3469, Tcd  : 0.3269, Tc  : 0.0010, A  : 0.2975
mua: 0.2792, mus: 18.8041, g: 0.6673
Error relativo: 0.0162
a: 0.9854, tau: 6.8700, g: 0.6673
