The overall best estimate is: (0.2808696020958228, 18.802463731237513, 0.6652984865056739)
Rcd_o: 0.3490, Tcd_o: 0.3300, Tc_o: 0.0004, A_o: 0.3206
Rcd  : 0.3467, Tcd  : 0.3253, Tc  : 0.0010, A  : 0.2992
mua: 0.2809, mus: 18.8025, g: 0.6653
Error relativo: 0.0197
a: 0.9853, tau: 6.8700, g: 0.6653
