The overall best estimate is: (0.27374018489798563, 18.809593148435347, 0.6661260674050643)
Rcd_o: 0.3490, Tcd_o: 0.3300, Tc_o: 0.0004, A_o: 0.3206
Rcd  : 0.3493, Tcd  : 0.3281, Tc  : 0.0010, A  : 0.2938
mua: 0.2737, mus: 18.8096, g: 0.6661
Error relativo: 0.0034
a: 0.9857, tau: 6.8700, g: 0.6661
