The overall best estimate is: (0.27687285232054776, 18.806460481012788, 0.6666557305561994)
Rcd_o: 0.3490, Tcd_o: 0.3300, Tc_o: 0.0004, A_o: 0.3206
Rcd  : 0.3476, Tcd  : 0.3276, Tc  : 0.0010, A  : 0.2960
mua: 0.2769, mus: 18.8065, g: 0.6667
Error relativo: 0.0113
a: 0.9855, tau: 6.8700, g: 0.6667
