The overall best estimate is: (0.286866753349667, 18.79646657998367, 0.6675023627343433)
Rcd_o: 0.3490, Tcd_o: 0.3300, Tc_o: 0.0004, A_o: 0.3206
Rcd  : 0.3441, Tcd  : 0.3239, Tc  : 0.0010, A  : 0.3032
mua: 0.2869, mus: 18.7965, g: 0.6675
Error relativo: 0.0338
a: 0.9850, tau: 6.8700, g: 0.6675
