The overall best estimate is: (0.28232433719100203, 18.801008996142333, 0.665278412070265)
Rcd_o: 0.3490, Tcd_o: 0.3300, Tc_o: 0.0004, A_o: 0.3206
Rcd  : 0.3469, Tcd  : 0.3244, Tc  : 0.0010, A  : 0.3000
mua: 0.2823, mus: 18.8010, g: 0.6653
Error relativo: 0.0239
a: 0.9852, tau: 6.8700, g: 0.6653
