The overall best estimate is: (0.2725738802554836, 18.81075945307785, 0.666716654824236)
Rcd_o: 0.3490, Tcd_o: 0.3300, Tc_o: 0.0004, A_o: 0.3206
Rcd  : 0.3490, Tcd  : 0.3294, Tc  : 0.0010, A  : 0.2928
mua: 0.2726, mus: 18.8108, g: 0.6667
Error relativo: 0.0020
a: 0.9857, tau: 6.8700, g: 0.6667
