The overall best estimate is: (0.275922806095985, 18.807410527237348, 0.6640086836999692)
Rcd_o: 0.3490, Tcd_o: 0.3300, Tc_o: 0.0004, A_o: 0.3206
Rcd  : 0.3493, Tcd  : 0.3267, Tc  : 0.0010, A  : 0.2952
mua: 0.2759, mus: 18.8074, g: 0.6640
Error relativo: 0.0124
a: 0.9855, tau: 6.8700, g: 0.6640
