The overall best estimate is: (0.27660785702365925, 18.806725476309676, 0.6664640254888187)
Rcd_o: 0.3490, Tcd_o: 0.3300, Tc_o: 0.0004, A_o: 0.3206
Rcd  : 0.3476, Tcd  : 0.3277, Tc  : 0.0010, A  : 0.2960
mua: 0.2766, mus: 18.8067, g: 0.6665
Error relativo: 0.0107
a: 0.9855, tau: 6.8700, g: 0.6665
