The overall best estimate is: (0.27699865188408535, 18.806334681449247, 0.6672051568128926)
Rcd_o: 0.3490, Tcd_o: 0.3300, Tc_o: 0.0004, A_o: 0.3206
Rcd  : 0.3478, Tcd  : 0.3278, Tc  : 0.0010, A  : 0.2957
mua: 0.2770, mus: 18.8063, g: 0.6672
Error relativo: 0.0106
a: 0.9855, tau: 6.8700, g: 0.6672
