The overall best estimate is: (0.2750642477942927, 18.80826908553904, 0.6659230738937033)
Rcd_o: 0.3490, Tcd_o: 0.3300, Tc_o: 0.0004, A_o: 0.3206
Rcd  : 0.3489, Tcd  : 0.3278, Tc  : 0.0010, A  : 0.2945
mua: 0.2751, mus: 18.8083, g: 0.6659
Error relativo: 0.0074
a: 0.9856, tau: 6.8700, g: 0.6659
