The overall best estimate is: (0.27409883244250594, 18.809234500890827, 0.667651174082404)
Rcd_o: 0.3490, Tcd_o: 0.3300, Tc_o: 0.0004, A_o: 0.3206
Rcd  : 0.3482, Tcd  : 0.3291, Tc  : 0.0010, A  : 0.2939
mua: 0.2741, mus: 18.8092, g: 0.6677
Error relativo: 0.0054
a: 0.9856, tau: 6.8700, g: 0.6677
