The overall best estimate is: (0.27227602191712236, 18.81105731141621, 0.6659781994156497)
Rcd_o: 0.3490, Tcd_o: 0.3300, Tc_o: 0.0004, A_o: 0.3206
Rcd  : 0.3500, Tcd  : 0.3288, Tc  : 0.0010, A  : 0.2924
mua: 0.2723, mus: 18.8111, g: 0.6660
Error relativo: 0.0041
a: 0.9857, tau: 6.8700, g: 0.6660
