The overall best estimate is: (0.11804254676441596, 11.226986693001665, 0.08595637209084776)
Rcd_o: 0.5000, Tcd_o: 0.3100, Tc_o: 0.0004, A_o: 0.1896
Rcd  : 0.5001, Tcd  : 0.3101, Tc  : 0.0195, A  : 0.1425
mua: 0.1180, mus: 11.2270, g: 0.0860
Error relativo: 0.9808
a: 0.9896, tau: 3.8800, g: 0.0860
