The overall best estimate is: (0.11820768813908533, 11.226821551626994, 0.08441366362553657)
Rcd_o: 0.5000, Tcd_o: 0.3100, Tc_o: 0.0004, A_o: 0.1896
Rcd  : 0.4995, Tcd  : 0.3105, Tc  : 0.0195, A  : 0.1427
mua: 0.1182, mus: 11.2268, g: 0.0844
Error relativo: 0.9790
a: 0.9896, tau: 3.8800, g: 0.0844
