The overall best estimate is: (0.11849843877670613, 11.226530800989375, 0.08624386818692484)
Rcd_o: 0.5000, Tcd_o: 0.3100, Tc_o: 0.0004, A_o: 0.1896
Rcd  : 0.4993, Tcd  : 0.3102, Tc  : 0.0195, A  : 0.1432
mua: 0.1185, mus: 11.2265, g: 0.0862
Error relativo: 0.9832
a: 0.9896, tau: 3.8800, g: 0.0862
