The overall best estimate is: (0.11835122335827632, 11.226678016407805, 0.08756286202770777)
Rcd_o: 0.5000, Tcd_o: 0.3100, Tc_o: 0.0004, A_o: 0.1896
Rcd  : 0.4998, Tcd  : 0.3100, Tc  : 0.0195, A  : 0.1429
mua: 0.1184, mus: 11.2267, g: 0.0876
Error relativo: 0.9829
a: 0.9896, tau: 3.8800, g: 0.0876
