The overall best estimate is: (0.11840374536119447, 11.226625494404885, 0.08577808315727856)
Rcd_o: 0.5000, Tcd_o: 0.3100, Tc_o: 0.0004, A_o: 0.1896
Rcd  : 0.5002, Tcd  : 0.3095, Tc  : 0.0195, A  : 0.1430
mua: 0.1184, mus: 11.2266, g: 0.0858
Error relativo: 0.9806
a: 0.9896, tau: 3.8800, g: 0.0858
