The overall best estimate is: (0.11824327875022263, 11.226785961015858, 0.08479751419688274)
Rcd_o: 0.5000, Tcd_o: 0.3100, Tc_o: 0.0004, A_o: 0.1896
Rcd  : 0.4999, Tcd  : 0.3099, Tc  : 0.0195, A  : 0.1429
mua: 0.1182, mus: 11.2268, g: 0.0848
Error relativo: 0.9812
a: 0.9896, tau: 3.8800, g: 0.0848
