The overall best estimate is: (0.1180786485340914, 11.22695059123199, 0.0859634140741602)
Rcd_o: 0.5000, Tcd_o: 0.3100, Tc_o: 0.0004, A_o: 0.1896
Rcd  : 0.5002, Tcd  : 0.3098, Tc  : 0.0195, A  : 0.1427
mua: 0.1181, mus: 11.2270, g: 0.0860
Error relativo: 0.9800
a: 0.9896, tau: 3.8800, g: 0.0860
