The overall best estimate is: (0.11837583710451137, 11.226653402661569, 0.08628019420750177)
Rcd_o: 0.5000, Tcd_o: 0.3100, Tc_o: 0.0004, A_o: 0.1896
Rcd  : 0.4997, Tcd  : 0.3101, Tc  : 0.0195, A  : 0.1429
mua: 0.1184, mus: 11.2267, g: 0.0863
Error relativo: 0.9792
a: 0.9896, tau: 3.8800, g: 0.0863
