The overall best estimate is: (0.11811597964324513, 11.226913260122835, 0.08580737886044229)
Rcd_o: 0.5000, Tcd_o: 0.3100, Tc_o: 0.0004, A_o: 0.1896
Rcd  : 0.4997, Tcd  : 0.3101, Tc  : 0.0195, A  : 0.1428
mua: 0.1181, mus: 11.2269, g: 0.0858
Error relativo: 0.9797
a: 0.9896, tau: 3.8800, g: 0.0858
