The overall best estimate is: (0.1181889373895641, 11.226840302376518, 0.08695638424181303)
Rcd_o: 0.5000, Tcd_o: 0.3100, Tc_o: 0.0004, A_o: 0.1896
Rcd  : 0.4994, Tcd  : 0.3105, Tc  : 0.0195, A  : 0.1428
mua: 0.1182, mus: 11.2268, g: 0.0870
Error relativo: 0.9823
a: 0.9896, tau: 3.8800, g: 0.0870
