The overall best estimate is: (0.11819736426171822, 11.226831875504361, 0.0855780007451145)
Rcd_o: 0.5000, Tcd_o: 0.3100, Tc_o: 0.0004, A_o: 0.1896
Rcd  : 0.5004, Tcd  : 0.3094, Tc  : 0.0195, A  : 0.1428
mua: 0.1182, mus: 11.2268, g: 0.0856
Error relativo: 0.9793
a: 0.9896, tau: 3.8800, g: 0.0856
