The overall best estimate is: (0.11825118468629606, 11.226778055079786, 0.08562492381788323)
Rcd_o: 0.5000, Tcd_o: 0.3100, Tc_o: 0.0004, A_o: 0.1896
Rcd  : 0.5002, Tcd  : 0.3100, Tc  : 0.0195, A  : 0.1425
mua: 0.1183, mus: 11.2268, g: 0.0856
Error relativo: 0.9794
a: 0.9896, tau: 3.8800, g: 0.0856
