The overall best estimate is: (0.11812145641455649, 11.226907783351525, 0.08488994262259139)
Rcd_o: 0.5000, Tcd_o: 0.3100, Tc_o: 0.0004, A_o: 0.1896
Rcd  : 0.4989, Tcd  : 0.3109, Tc  : 0.0195, A  : 0.1429
mua: 0.1181, mus: 11.2269, g: 0.0849
Error relativo: 0.9814
a: 0.9896, tau: 3.8800, g: 0.0849
