The overall best estimate is: (0.1179252386133067, 11.227104001152775, 0.08558369996634217)
Rcd_o: 0.5000, Tcd_o: 0.3100, Tc_o: 0.0004, A_o: 0.1896
Rcd  : 0.5006, Tcd  : 0.3098, Tc  : 0.0195, A  : 0.1423
mua: 0.1179, mus: 11.2271, g: 0.0856
Error relativo: 0.9797
a: 0.9896, tau: 3.8800, g: 0.0856
