The overall best estimate is: (0.11831738511210715, 11.226711854653972, 0.08413251610367521)
Rcd_o: 0.5000, Tcd_o: 0.3100, Tc_o: 0.0004, A_o: 0.1896
Rcd  : 0.5004, Tcd  : 0.3095, Tc  : 0.0195, A  : 0.1429
mua: 0.1183, mus: 11.2267, g: 0.0841
Error relativo: 0.9807
a: 0.9896, tau: 3.8800, g: 0.0841
