The overall best estimate is: (0.11809997537123883, 11.226929264394842, 0.0832581031478019)
Rcd_o: 0.5000, Tcd_o: 0.3100, Tc_o: 0.0004, A_o: 0.1896
Rcd  : 0.5007, Tcd  : 0.3093, Tc  : 0.0195, A  : 0.1426
mua: 0.1181, mus: 11.2269, g: 0.0833
Error relativo: 0.9808
a: 0.9896, tau: 3.8800, g: 0.0833
