The overall best estimate is: (0.6212419678194621, 18.374591365513872, 0.7777246142905276)
Rcd_o: 0.1980, Tcd_o: 0.4100, Tc_o: 0.0100, A_o: 0.3820
Rcd  : 0.1906, Tcd  : 0.4122, Tc  : 0.0099, A  : 0.3596
mua: 0.6212, mus: 18.3746, g: 0.7777
Error relativo: 0.0473
a: 0.9673, tau: 4.5590, g: 0.7777
