The overall best estimate is: (0.6322067734905406, 18.363626559842796, 0.7687042223951964)
Rcd_o: 0.1980, Tcd_o: 0.4100, Tc_o: 0.0100, A_o: 0.3820
Rcd  : 0.1936, Tcd  : 0.4025, Tc  : 0.0099, A  : 0.3662
mua: 0.6322, mus: 18.3636, g: 0.7687
Error relativo: 0.0410
a: 0.9667, tau: 4.5590, g: 0.7687
