The overall best estimate is: (0.6701514355691015, 18.32568189776423, 0.7742000726980943)
Rcd_o: 0.1980, Tcd_o: 0.4100, Tc_o: 0.0100, A_o: 0.3820
Rcd  : 0.1847, Tcd  : 0.3995, Tc  : 0.0099, A  : 0.3781
mua: 0.6702, mus: 18.3257, g: 0.7742
Error relativo: 0.0991
a: 0.9647, tau: 4.5590, g: 0.7742
