The overall best estimate is: (0.6095928027774866, 18.38624053055585, 0.7732785697169651)
Rcd_o: 0.1980, Tcd_o: 0.4100, Tc_o: 0.0100, A_o: 0.3820
Rcd  : 0.1949, Tcd  : 0.4108, Tc  : 0.0099, A  : 0.3566
mua: 0.6096, mus: 18.3862, g: 0.7733
Error relativo: 0.0217
a: 0.9679, tau: 4.5590, g: 0.7733
