The overall best estimate is: (0.6167639218240851, 18.37906941150925, 0.7707737688415901)
Rcd_o: 0.1980, Tcd_o: 0.4100, Tc_o: 0.0100, A_o: 0.3820
Rcd  : 0.1954, Tcd  : 0.4070, Tc  : 0.0099, A  : 0.3599
mua: 0.6168, mus: 18.3791, g: 0.7708
Error relativo: 0.0231
a: 0.9675, tau: 4.5590, g: 0.7708
