The overall best estimate is: (0.650651538830028, 18.345181794503308, 0.7747416735583824)
Rcd_o: 0.1980, Tcd_o: 0.4100, Tc_o: 0.0100, A_o: 0.3820
Rcd  : 0.1870, Tcd  : 0.4040, Tc  : 0.0099, A  : 0.3713
mua: 0.6507, mus: 18.3452, g: 0.7747
Error relativo: 0.0694
a: 0.9657, tau: 4.5590, g: 0.7747
