The overall best estimate is: (0.6044976346436622, 18.39133569868967, 0.7734295276346353)
Rcd_o: 0.1980, Tcd_o: 0.4100, Tc_o: 0.0100, A_o: 0.3820
Rcd  : 0.1960, Tcd  : 0.4115, Tc  : 0.0099, A  : 0.3549
mua: 0.6045, mus: 18.3913, g: 0.7734
Error relativo: 0.0196
a: 0.9682, tau: 4.5590, g: 0.7734
