The overall best estimate is: (0.6204020580125809, 18.375431275320754, 0.7744466944684009)
Rcd_o: 0.1980, Tcd_o: 0.4100, Tc_o: 0.0100, A_o: 0.3820
Rcd  : 0.1920, Tcd  : 0.4099, Tc  : 0.0099, A  : 0.3604
mua: 0.6204, mus: 18.3754, g: 0.7744
Error relativo: 0.0309
a: 0.9673, tau: 4.5590, g: 0.7744
