The overall best estimate is: (0.6356240764978937, 18.36020925683544, 0.7721501000208476)
Rcd_o: 0.1980, Tcd_o: 0.4100, Tc_o: 0.0100, A_o: 0.3820
Rcd  : 0.1912, Tcd  : 0.4046, Tc  : 0.0099, A  : 0.3665
mua: 0.6356, mus: 18.3602, g: 0.7722
Error relativo: 0.0506
a: 0.9665, tau: 4.5590, g: 0.7722
