The overall best estimate is: (0.6405433094612164, 18.35529002387212, 0.7882711094904574)
Rcd_o: 0.1980, Tcd_o: 0.4100, Tc_o: 0.0100, A_o: 0.3820
Rcd  : 0.1822, Tcd  : 0.4164, Tc  : 0.0099, A  : 0.3637
mua: 0.6405, mus: 18.3553, g: 0.7883
Error relativo: 0.1050
a: 0.9663, tau: 4.5590, g: 0.7883
