The overall best estimate is: (0.6215854697076147, 18.37424786362572, 0.7694330203117107)
Rcd_o: 0.1980, Tcd_o: 0.4100, Tc_o: 0.0100, A_o: 0.3820
Rcd  : 0.1943, Tcd  : 0.4057, Tc  : 0.0099, A  : 0.3623
mua: 0.6216, mus: 18.3742, g: 0.7694
Error relativo: 0.0283
a: 0.9673, tau: 4.5590, g: 0.7694
