The overall best estimate is: (0.6038799339371372, 18.391953399396197, 0.7690148553450157)
Rcd_o: 0.1980, Tcd_o: 0.4100, Tc_o: 0.0100, A_o: 0.3820
Rcd  : 0.1977, Tcd  : 0.4090, Tc  : 0.0099, A  : 0.3556
mua: 0.6039, mus: 18.3920, g: 0.7690
Error relativo: 0.0034
a: 0.9682, tau: 4.5590, g: 0.7690
