The overall best estimate is: (0.6302947718842914, 18.365538561449043, 0.7764153515668442)
Rcd_o: 0.1980, Tcd_o: 0.4100, Tc_o: 0.0100, A_o: 0.3820
Rcd  : 0.1898, Tcd  : 0.4092, Tc  : 0.0099, A  : 0.3633
mua: 0.6303, mus: 18.3655, g: 0.7764
Error relativo: 0.0466
a: 0.9668, tau: 4.5590, g: 0.7764
