The overall best estimate is: (0.6140235100232709, 18.38180982331006, 0.7715643758117671)
Rcd_o: 0.1980, Tcd_o: 0.4100, Tc_o: 0.0100, A_o: 0.3820
Rcd  : 0.1948, Tcd  : 0.4089, Tc  : 0.0099, A  : 0.3586
mua: 0.6140, mus: 18.3818, g: 0.7716
Error relativo: 0.0206
a: 0.9677, tau: 4.5590, g: 0.7716
