The overall best estimate is: (0.6598650759727692, 18.335968257360566, 0.7781458549655901)
Rcd_o: 0.1980, Tcd_o: 0.4100, Tc_o: 0.0100, A_o: 0.3820
Rcd  : 0.1843, Tcd  : 0.4043, Tc  : 0.0099, A  : 0.3737
mua: 0.6599, mus: 18.3360, g: 0.7781
Error relativo: 0.0880
a: 0.9653, tau: 4.5590, g: 0.7781
