The overall best estimate is: (0.6104615336214254, 18.385371799711912, 0.7777897752539569)
Rcd_o: 0.1980, Tcd_o: 0.4100, Tc_o: 0.0100, A_o: 0.3820
Rcd  : 0.1919, Tcd  : 0.4145, Tc  : 0.0099, A  : 0.3559
mua: 0.6105, mus: 18.3854, g: 0.7778
Error relativo: 0.0404
a: 0.9679, tau: 4.5590, g: 0.7778
