The overall best estimate is: (0.11370684265107465, 22.726175855296137, 0.45307750548439857)
Rcd_o: 0.5370, Tcd_o: 0.2970, Tc_o: 0.0004, A_o: 0.1656
Rcd  : 0.5373, Tcd  : 0.2947, Tc  : 0.0004, A  : 0.1398
mua: 0.1137, mus: 22.7262, g: 0.4531
Error relativo: 0.0096
a: 0.9950, tau: 7.7884, g: 0.4531
