The overall best estimate is: (0.11252845217156555, 22.727354245775647, 0.4556392621720799)
Rcd_o: 0.5370, Tcd_o: 0.2970, Tc_o: 0.0004, A_o: 0.1656
Rcd  : 0.5361, Tcd  : 0.2971, Tc  : 0.0004, A  : 0.1386
mua: 0.1125, mus: 22.7274, g: 0.4556
Error relativo: 0.0027
a: 0.9951, tau: 7.7884, g: 0.4556
