The overall best estimate is: (0.11371219472859133, 22.726170503218622, 0.45351783598351114)
Rcd_o: 0.5370, Tcd_o: 0.2970, Tc_o: 0.0004, A_o: 0.1656
Rcd  : 0.5357, Tcd  : 0.2965, Tc  : 0.0004, A  : 0.1396
mua: 0.1137, mus: 22.7262, g: 0.4535
Error relativo: 0.0057
a: 0.9950, tau: 7.7884, g: 0.4535
