The overall best estimate is: (0.1101514408194956, 22.729731257127717, 0.4536313403127512)
Rcd_o: 0.5370, Tcd_o: 0.2970, Tc_o: 0.0004, A_o: 0.1656
Rcd  : 0.5384, Tcd  : 0.2973, Tc  : 0.0004, A  : 0.1362
mua: 0.1102, mus: 22.7297, g: 0.4536
Error relativo: 0.0041
a: 0.9952, tau: 7.7884, g: 0.4536
