The overall best estimate is: (0.1131339356290346, 22.726748762318177, 0.4546171856961873)
Rcd_o: 0.5370, Tcd_o: 0.2970, Tc_o: 0.0004, A_o: 0.1656
Rcd  : 0.5363, Tcd  : 0.2963, Tc  : 0.0004, A  : 0.1392
mua: 0.1131, mus: 22.7267, g: 0.4546
Error relativo: 0.0032
a: 0.9950, tau: 7.7884, g: 0.4546
