The overall best estimate is: (0.11385496018982696, 22.726027737757388, 0.454231607721383)
Rcd_o: 0.5370, Tcd_o: 0.2970, Tc_o: 0.0004, A_o: 0.1656
Rcd  : 0.5359, Tcd  : 0.2961, Tc  : 0.0004, A  : 0.1399
mua: 0.1139, mus: 22.7260, g: 0.4542
Error relativo: 0.0056
a: 0.9950, tau: 7.7884, g: 0.4542
