The overall best estimate is: (0.11400262734817951, 22.725880070599032, 0.4543678016362464)
Rcd_o: 0.5370, Tcd_o: 0.2970, Tc_o: 0.0004, A_o: 0.1656
Rcd  : 0.5368, Tcd  : 0.2951, Tc  : 0.0004, A  : 0.1400
mua: 0.1140, mus: 22.7259, g: 0.4544
Error relativo: 0.0060
a: 0.9950, tau: 7.7884, g: 0.4544
