The overall best estimate is: (0.11220788835924794, 22.727674809587963, 0.4542708457850214)
Rcd_o: 0.5370, Tcd_o: 0.2970, Tc_o: 0.0004, A_o: 0.1656
Rcd  : 0.5375, Tcd  : 0.2965, Tc  : 0.0004, A  : 0.1379
mua: 0.1122, mus: 22.7277, g: 0.4543
Error relativo: 0.0028
a: 0.9951, tau: 7.7884, g: 0.4543
