The overall best estimate is: (0.11144693120136072, 22.728435766745854, 0.45492425568538536)
Rcd_o: 0.5370, Tcd_o: 0.2970, Tc_o: 0.0004, A_o: 0.1656
Rcd  : 0.5385, Tcd  : 0.2963, Tc  : 0.0004, A  : 0.1370
mua: 0.1114, mus: 22.7284, g: 0.4549
Error relativo: 0.0011
a: 0.9951, tau: 7.7884, g: 0.4549
