The overall best estimate is: (0.11574749772263217, 22.72413520022458, 0.45330705692264894)
Rcd_o: 0.5370, Tcd_o: 0.2970, Tc_o: 0.0004, A_o: 0.1656
Rcd  : 0.5362, Tcd  : 0.2938, Tc  : 0.0004, A  : 0.1418
mua: 0.1157, mus: 22.7241, g: 0.4533
Error relativo: 0.0113
a: 0.9949, tau: 7.7884, g: 0.4533
