The overall best estimate is: (0.11446079519097582, 22.72542190275624, 0.45468702099652497)
Rcd_o: 0.5370, Tcd_o: 0.2970, Tc_o: 0.0004, A_o: 0.1656
Rcd  : 0.5356, Tcd  : 0.2958, Tc  : 0.0004, A  : 0.1404
mua: 0.1145, mus: 22.7254, g: 0.4547
Error relativo: 0.0082
a: 0.9950, tau: 7.7884, g: 0.4547
