The overall best estimate is: (0.11283346504637494, 22.72704923290084, 0.4537058780037539)
Rcd_o: 0.5370, Tcd_o: 0.2970, Tc_o: 0.0004, A_o: 0.1656
Rcd  : 0.5373, Tcd  : 0.2959, Tc  : 0.0004, A  : 0.1387
mua: 0.1128, mus: 22.7270, g: 0.4537
Error relativo: 0.0033
a: 0.9951, tau: 7.7884, g: 0.4537
