The overall best estimate is: (0.11171619460604977, 22.728166503341164, 0.45401116652945706)
Rcd_o: 0.5370, Tcd_o: 0.2970, Tc_o: 0.0004, A_o: 0.1656
Rcd  : 0.5365, Tcd  : 0.2976, Tc  : 0.0004, A  : 0.1377
mua: 0.1117, mus: 22.7282, g: 0.4540
Error relativo: 0.0017
a: 0.9951, tau: 7.7884, g: 0.4540
