The overall best estimate is: (0.11347971434091879, 22.726402983606295, 0.45414925272799667)
Rcd_o: 0.5370, Tcd_o: 0.2970, Tc_o: 0.0004, A_o: 0.1656
Rcd  : 0.5366, Tcd  : 0.2959, Tc  : 0.0004, A  : 0.1393
mua: 0.1135, mus: 22.7264, g: 0.4541
Error relativo: 0.0046
a: 0.9950, tau: 7.7884, g: 0.4541
