The overall best estimate is: (0.11583844674883524, 22.72404425119838, 0.45363056775893973)
Rcd_o: 0.5370, Tcd_o: 0.2970, Tc_o: 0.0004, A_o: 0.1656
Rcd  : 0.5350, Tcd  : 0.2947, Tc  : 0.0004, A  : 0.1421
mua: 0.1158, mus: 22.7240, g: 0.4536
Error relativo: 0.0120
a: 0.9949, tau: 7.7884, g: 0.4536
