The overall best estimate is: (0.11486342431711077, 22.7250192736301, 0.45513248222030217)
Rcd_o: 0.5370, Tcd_o: 0.2970, Tc_o: 0.0004, A_o: 0.1656
Rcd  : 0.5358, Tcd  : 0.2951, Tc  : 0.0004, A  : 0.1409
mua: 0.1149, mus: 22.7250, g: 0.4551
Error relativo: 0.0092
a: 0.9950, tau: 7.7884, g: 0.4551
