The overall best estimate is: [0.07208764710464383, 15.635631894625568, 0.5521326600129279]
Rcd_o: 0.4945, Tcd_o: 0.2548, Tc_o: 0.0004, A_o: 0.2233
Rcd  : 0.4703, Tcd  : 0.3983, Tc  : 0.0026, A  : 0.1011
mua: 0.0721, mus: 15.6356, g: 0.5521
Error relativo: 0.4078
