The overall best estimate is: (0.1477384087957174, 21.53326159120428, 0.4578931697479474)
Rcd_o: 0.5063, Tcd_o: 0.3043, Tc_o: 0.0008, A_o: 0.1886
Rcd  : 0.5027, Tcd  : 0.3009, Tc  : 0.0008, A  : 0.1677
mua: 0.1477, mus: 21.5333, g: 0.4579
Error relativo: 0.0187
a: 0.9932, tau: 7.0680, g: 0.4579
