The overall best estimate is: (0.14287848887163185, 21.538121511128367, 0.4580766593092256)
Rcd_o: 0.5063, Tcd_o: 0.3043, Tc_o: 0.0008, A_o: 0.1886
Rcd  : 0.5047, Tcd  : 0.3033, Tc  : 0.0008, A  : 0.1634
mua: 0.1429, mus: 21.5381, g: 0.4581
Error relativo: 0.0062
a: 0.9934, tau: 7.0680, g: 0.4581
