The overall best estimate is: (0.14650693736532555, 21.534493062634674, 0.4568278570702035)
Rcd_o: 0.5063, Tcd_o: 0.3043, Tc_o: 0.0008, A_o: 0.1886
Rcd  : 0.5033, Tcd  : 0.3013, Tc  : 0.0008, A  : 0.1668
mua: 0.1465, mus: 21.5345, g: 0.4568
Error relativo: 0.0161
a: 0.9932, tau: 7.0680, g: 0.4568
