The overall best estimate is: (0.1412639735900225, 21.539736026409976, 0.4580890040755716)
Rcd_o: 0.5063, Tcd_o: 0.3043, Tc_o: 0.0008, A_o: 0.1886
Rcd  : 0.5064, Tcd  : 0.3031, Tc  : 0.0008, A  : 0.1619
mua: 0.1413, mus: 21.5397, g: 0.4581
Error relativo: 0.0022
a: 0.9935, tau: 7.0680, g: 0.4581
