The overall best estimate is: (0.14223373964807234, 21.538766260351924, 0.4585256434519855)
Rcd_o: 0.5063, Tcd_o: 0.3043, Tc_o: 0.0008, A_o: 0.1886
Rcd  : 0.5053, Tcd  : 0.3035, Tc  : 0.0008, A  : 0.1626
mua: 0.1422, mus: 21.5388, g: 0.4585
Error relativo: 0.0050
a: 0.9934, tau: 7.0680, g: 0.4585
