The overall best estimate is: (0.1437274167287321, 21.537272583271267, 0.45823341590840594)
Rcd_o: 0.5063, Tcd_o: 0.3043, Tc_o: 0.0008, A_o: 0.1886
Rcd  : 0.5053, Tcd  : 0.3020, Tc  : 0.0008, A  : 0.1641
mua: 0.1437, mus: 21.5373, g: 0.4582
Error relativo: 0.0087
a: 0.9934, tau: 7.0680, g: 0.4582
