The overall best estimate is: (0.14489864126027913, 21.53610135873972, 0.45932523390144747)
Rcd_o: 0.5063, Tcd_o: 0.3043, Tc_o: 0.0008, A_o: 0.1886
Rcd  : 0.5040, Tcd  : 0.3021, Tc  : 0.0008, A  : 0.1653
mua: 0.1449, mus: 21.5361, g: 0.4593
Error relativo: 0.0106
a: 0.9933, tau: 7.0680, g: 0.4593
