The overall best estimate is: (0.1441901240927865, 21.536809875907213, 0.45715967572384947)
Rcd_o: 0.5063, Tcd_o: 0.3043, Tc_o: 0.0008, A_o: 0.1886
Rcd  : 0.5049, Tcd  : 0.3018, Tc  : 0.0008, A  : 0.1647
mua: 0.1442, mus: 21.5368, g: 0.4572
Error relativo: 0.0104
a: 0.9933, tau: 7.0680, g: 0.4572
