The overall best estimate is: (0.13814210548075426, 21.542857894519244, 0.4573897734453499)
Rcd_o: 0.5063, Tcd_o: 0.3043, Tc_o: 0.0008, A_o: 0.1886
Rcd  : 0.5081, Tcd  : 0.3044, Tc  : 0.0008, A  : 0.1589
mua: 0.1381, mus: 21.5429, g: 0.4574
Error relativo: 0.0050
a: 0.9936, tau: 7.0680, g: 0.4574
