The overall best estimate is: (0.14154785908074785, 21.53945214091925, 0.45836804598006264)
Rcd_o: 0.5063, Tcd_o: 0.3043, Tc_o: 0.0008, A_o: 0.1886
Rcd  : 0.5050, Tcd  : 0.3042, Tc  : 0.0008, A  : 0.1621
mua: 0.1415, mus: 21.5395, g: 0.4584
Error relativo: 0.0029
a: 0.9935, tau: 7.0680, g: 0.4584
