The overall best estimate is: (0.14482320496120188, 21.5361767950388, 0.4575962801740314)
Rcd_o: 0.5063, Tcd_o: 0.3043, Tc_o: 0.0008, A_o: 0.1886
Rcd  : 0.5040, Tcd  : 0.3022, Tc  : 0.0008, A  : 0.1653
mua: 0.1448, mus: 21.5362, g: 0.4576
Error relativo: 0.0123
a: 0.9933, tau: 7.0680, g: 0.4576
