The overall best estimate is: (0.1450331834344071, 21.53596681656559, 0.45723321546726586)
Rcd_o: 0.5063, Tcd_o: 0.3043, Tc_o: 0.0008, A_o: 0.1886
Rcd  : 0.5051, Tcd  : 0.3010, Tc  : 0.0008, A  : 0.1653
mua: 0.1450, mus: 21.5360, g: 0.4572
Error relativo: 0.0127
a: 0.9933, tau: 7.0680, g: 0.4572
