The overall best estimate is: (0.14128379381930065, 21.539716206180696, 0.45838574499181156)
Rcd_o: 0.5063, Tcd_o: 0.3043, Tc_o: 0.0008, A_o: 0.1886
Rcd  : 0.5057, Tcd  : 0.3040, Tc  : 0.0008, A  : 0.1617
mua: 0.1413, mus: 21.5397, g: 0.4584
Error relativo: 0.0026
a: 0.9935, tau: 7.0680, g: 0.4584
