The overall best estimate is: (0.14201668488751745, 21.538983315112482, 0.45751995629621656)
Rcd_o: 0.5063, Tcd_o: 0.3043, Tc_o: 0.0008, A_o: 0.1886
Rcd  : 0.5061, Tcd  : 0.3030, Tc  : 0.0008, A  : 0.1623
mua: 0.1420, mus: 21.5390, g: 0.4575
Error relativo: 0.0054
a: 0.9934, tau: 7.0680, g: 0.4575
