The overall best estimate is: (0.142547714336422, 21.538452285663578, 0.4578048776989751)
Rcd_o: 0.5063, Tcd_o: 0.3043, Tc_o: 0.0008, A_o: 0.1886
Rcd  : 0.5055, Tcd  : 0.3028, Tc  : 0.0008, A  : 0.1631
mua: 0.1425, mus: 21.5385, g: 0.4578
Error relativo: 0.0056
a: 0.9934, tau: 7.0680, g: 0.4578
