The overall best estimate is: (0.14454002645579372, 21.536459973544204, 0.4578778612364384)
Rcd_o: 0.5063, Tcd_o: 0.3043, Tc_o: 0.0008, A_o: 0.1886
Rcd  : 0.5047, Tcd  : 0.3017, Tc  : 0.0008, A  : 0.1650
mua: 0.1445, mus: 21.5365, g: 0.4579
Error relativo: 0.0104
a: 0.9933, tau: 7.0680, g: 0.4579
