The overall best estimate is: (0.21631031149699628, 23.58437435107969, 0.44156903398340547)
Rcd_o: 0.4945, Tcd_o: 0.2548, Tc_o: 0.0004, A_o: 0.2503
Rcd  : 0.4924, Tcd  : 0.2514, Tc  : 0.0004, A  : 0.2280
mua: 0.2163, mus: 23.5844, g: 0.4416
Error relativo: 0.0167
a: 0.9909, tau: 7.7590, g: 0.4416
