The overall best estimate is: (0.21532388203693006, 23.585360780539755, 0.4420814412272012)
Rcd_o: 0.4945, Tcd_o: 0.2548, Tc_o: 0.0004, A_o: 0.2503
Rcd  : 0.4923, Tcd  : 0.2524, Tc  : 0.0004, A  : 0.2271
mua: 0.2153, mus: 23.5854, g: 0.4421
Error relativo: 0.0139
a: 0.9910, tau: 7.7590, g: 0.4421
