The overall best estimate is: (0.21334765130325486, 23.58733701127343, 0.44282942617505455)
Rcd_o: 0.4945, Tcd_o: 0.2548, Tc_o: 0.0004, A_o: 0.2503
Rcd  : 0.4924, Tcd  : 0.2535, Tc  : 0.0004, A  : 0.2259
mua: 0.2133, mus: 23.5873, g: 0.4428
Error relativo: 0.0099
a: 0.9910, tau: 7.7590, g: 0.4428
