The overall best estimate is: (0.2112863081798412, 23.589398354396845, 0.4403773113960469)
Rcd_o: 0.4945, Tcd_o: 0.2548, Tc_o: 0.0004, A_o: 0.2503
Rcd  : 0.4948, Tcd  : 0.2532, Tc  : 0.0004, A  : 0.2238
mua: 0.2113, mus: 23.5894, g: 0.4404
Error relativo: 0.0055
a: 0.9911, tau: 7.7590, g: 0.4404
