The overall best estimate is: (0.21324561763352354, 23.587439044943164, 0.44237790622163586)
Rcd_o: 0.4945, Tcd_o: 0.2548, Tc_o: 0.0004, A_o: 0.2503
Rcd  : 0.4927, Tcd  : 0.2532, Tc  : 0.0004, A  : 0.2259
mua: 0.2132, mus: 23.5874, g: 0.4424
Error relativo: 0.0088
a: 0.9910, tau: 7.7590, g: 0.4424
