The overall best estimate is: (0.2138057590979123, 23.586878903478773, 0.44286851699370633)
Rcd_o: 0.4945, Tcd_o: 0.2548, Tc_o: 0.0004, A_o: 0.2503
Rcd  : 0.4925, Tcd  : 0.2534, Tc  : 0.0004, A  : 0.2259
mua: 0.2138, mus: 23.5869, g: 0.4429
Error relativo: 0.0098
a: 0.9910, tau: 7.7590, g: 0.4429
