The overall best estimate is: (0.21479919011456264, 23.585885472462124, 0.4416321620620271)
Rcd_o: 0.4945, Tcd_o: 0.2548, Tc_o: 0.0004, A_o: 0.2503
Rcd  : 0.4929, Tcd  : 0.2523, Tc  : 0.0004, A  : 0.2266
mua: 0.2148, mus: 23.5859, g: 0.4416
Error relativo: 0.0121
a: 0.9910, tau: 7.7590, g: 0.4416
