The overall best estimate is: (0.22025167663702747, 23.58043298593966, 0.4414237560233183)
Rcd_o: 0.4945, Tcd_o: 0.2548, Tc_o: 0.0004, A_o: 0.2503
Rcd  : 0.4906, Tcd  : 0.2498, Tc  : 0.0004, A  : 0.2313
mua: 0.2203, mus: 23.5804, g: 0.4414
Error relativo: 0.0266
a: 0.9907, tau: 7.7590, g: 0.4414
