The overall best estimate is: (0.2122081644755596, 23.588476498101127, 0.4416420925446234)
Rcd_o: 0.4945, Tcd_o: 0.2548, Tc_o: 0.0004, A_o: 0.2503
Rcd  : 0.4932, Tcd  : 0.2536, Tc  : 0.0004, A  : 0.2250
mua: 0.2122, mus: 23.5885, g: 0.4416
Error relativo: 0.0073
a: 0.9911, tau: 7.7590, g: 0.4416
