The overall best estimate is: (0.21215743690121405, 23.58852722567547, 0.44255824420662554)
Rcd_o: 0.4945, Tcd_o: 0.2548, Tc_o: 0.0004, A_o: 0.2503
Rcd  : 0.4936, Tcd  : 0.2534, Tc  : 0.0004, A  : 0.2248
mua: 0.2122, mus: 23.5885, g: 0.4426
Error relativo: 0.0053
a: 0.9911, tau: 7.7590, g: 0.4426
