The overall best estimate is: (0.21482973955097676, 23.58585492302571, 0.44189688609612593)
Rcd_o: 0.4945, Tcd_o: 0.2548, Tc_o: 0.0004, A_o: 0.2503
Rcd  : 0.4927, Tcd  : 0.2524, Tc  : 0.0004, A  : 0.2267
mua: 0.2148, mus: 23.5859, g: 0.4419
Error relativo: 0.0127
a: 0.9910, tau: 7.7590, g: 0.4419
