The overall best estimate is: (0.2131388785771799, 23.587545783999506, 0.44253042231588086)
Rcd_o: 0.4945, Tcd_o: 0.2548, Tc_o: 0.0004, A_o: 0.2503
Rcd  : 0.4930, Tcd  : 0.2536, Tc  : 0.0004, A  : 0.2252
mua: 0.2131, mus: 23.5875, g: 0.4425
Error relativo: 0.0089
a: 0.9910, tau: 7.7590, g: 0.4425
