The overall best estimate is: (0.21885614869405312, 23.58182851388263, 0.44043590807512817)
Rcd_o: 0.4945, Tcd_o: 0.2548, Tc_o: 0.0004, A_o: 0.2503
Rcd  : 0.4905, Tcd  : 0.2511, Tc  : 0.0004, A  : 0.2302
mua: 0.2189, mus: 23.5818, g: 0.4404
Error relativo: 0.0249
a: 0.9908, tau: 7.7590, g: 0.4404
