The overall best estimate is: (0.21253230078427957, 23.588152361792407, 0.44193701384816636)
Rcd_o: 0.4945, Tcd_o: 0.2548, Tc_o: 0.0004, A_o: 0.2503
Rcd  : 0.4941, Tcd  : 0.2529, Tc  : 0.0004, A  : 0.2248
mua: 0.2125, mus: 23.5882, g: 0.4419
Error relativo: 0.0078
a: 0.9911, tau: 7.7590, g: 0.4419
