The overall best estimate is: (0.21308838799449853, 23.587596274582186, 0.4429923506467913)
Rcd_o: 0.4945, Tcd_o: 0.2548, Tc_o: 0.0004, A_o: 0.2503
Rcd  : 0.4932, Tcd  : 0.2533, Tc  : 0.0004, A  : 0.2253
mua: 0.2131, mus: 23.5876, g: 0.4430
Error relativo: 0.0083
a: 0.9910, tau: 7.7590, g: 0.4430
