The overall best estimate is: (0.21554037898592393, 23.58514428359076, 0.44152033133098545)
Rcd_o: 0.4945, Tcd_o: 0.2548, Tc_o: 0.0004, A_o: 0.2503
Rcd  : 0.4920, Tcd  : 0.2526, Tc  : 0.0004, A  : 0.2272
mua: 0.2155, mus: 23.5851, g: 0.4415
Error relativo: 0.0143
a: 0.9909, tau: 7.7590, g: 0.4415
